0 125
1 3458
2 2316256831
3 1461003769
4 2026294223
5 3137422522
6 1416511124
7 2646631085
8 78709496
9 1122018278
10 1879217816
11 1371992162
12 2267823802
13 701407006
14 1490441126
15 846006095
16 3338167224
17 1182321118
18 708686133
19 186193776
20 1771663968
21 3510990839
22 1858103400
23 1147083488
24 740032346
25 2574138340
26 3388333218
27 3029534463
28 1423962873
29 984841679
30 835005639
31 1558242157
32 3362306114
33 972543969
34 1503496510
35 416747423
36 2519558865
37 1725416390
38 622256418
39 2570328213
40 863424714
41 2482954195
42 2494509411
43 1962230336
44 1425628220
45 138457789
46 267289562
47 2793046200
48 2340541279
49 1726910074
